224600211620111500262621223630
353100166201554120654311524401351130
522100624211215204122522
236400652602365502246322426313
211300626501464400232112112212
462200143101465230465520425221
146600164212424611152620143630141630
221200246220346101211230251230
454200452121412311152611451520
222300536101664201141400222530225520
316200612612146611216230216322
121600162113621122
263300216511656601515310262330264330
666500331510421400556520
463100546112511402464130462130
451400443311462420663410414421
114200152220154620652601134230144230
264500522102411202164530144520
646600653411262402621310
645600414301165111563502245630
225200545410641600235230235320
522200214301622230625221662220
233300452601363111315501233230
456100111402524112465122645113
231300316203624102132322
531400544511515111521430561430
146100463112435602166421164212
414500465520412530413530411530
525500554212525330545320525130525630
552500431100666600522530222520525522
446100623601151301464512546520544211
111100431120336110422110551120
446600316110246421214402646221
615300652112523103162312256312
456400431511564503452621445613
563100344201616402125603262120
652600462512226503532621152630
236100523402411302645111634611
344200363510164411466601514510
663100321111122501344201636122631613
162200312311551301116221216403
153100334601122311652210442110
114100555500414620436601114230214220
551400411611115102561521621511
462200445220446111465520415310
515400434410331601425112554113
624300311402163502634330634621644330
443400664601226200141311343520
331600212501336122633113136313
523200263411466501244101523330